Best trial value: 0.424047594742265
pop_size: 100
compatibility_threshold: 2.0
conn_add_prob: 0.7
conn_delete_prob: 0.45000000000000007
weight_mutate_rate: 1.0
node_add_prob: 0.45000000000000007
node_delete_prob: 0.35000000000000003
fitness_threshold: 2.1
